granuleID,SensingTime,ProductionTime,VEG-DIST-STATUS,VEG-ANOM,VEG-IND,VEG-HIST,VEG-ANOM-MAX,VEG-DIST-CONF,VEG-DIST-DATE,VEG-DIST-COUNT,VEG-DIST-DUR,VEG-LAST-DATE,GEN-DIST-STATUS,GEN-ANOM,GEN-ANOM-MAX,GEN-DIST-CONF,GEN-DIST-DATE,GEN-DIST-COUNT,GEN-DIST-DUR,GEN-LAST-DATE
OPERA_L3_DIST-ALERT-HLS_T49TEN_20230101T034139Z_20231222T054844Z_S2B_30_v1_VEG-DIST-STATUS,20230101,2023-12-22 05:48:44,255,255,255,255,255,-1,NA,255,-1,-1,255,-1,-1,-1,NA,255,-1,-1
OPERA_L3_DIST-ALERT-HLS_T49TEN_20230102T032903Z_20231222T054855Z_L9_30_v1_VEG-DIST-STATUS,20230102,2023-12-22 05:48:55,255,255,255,255,255,-1,NA,255,-1,-1,255,-1,-1,-1,NA,255,-1,-1
OPERA_L3_DIST-ALERT-HLS_T49TEN_20230103T032250Z_20231222T054905Z_L8_30_v1_VEG-DIST-STATUS,20230103,2023-12-22 05:49:05,255,255,255,255,255,-1,NA,255,-1,-1,255,-1,-1,-1,NA,255,-1,-1
OPERA_L3_DIST-ALERT-HLS_T49TEN_20230103T033141Z_20231222T054916Z_S2A_30_v1_VEG-DIST-STATUS,20230103,2023-12-22 05:49:16,255,255,255,255,255,-1,NA,255,-1,-1,255,-1,-1,-1,NA,255,-1,-1
OPERA_L3_DIST-ALERT-HLS_T49TEN_20230104T031642Z_20231222T054927Z_L9_30_v1_VEG-DIST-STATUS,20230104,2023-12-22 05:49:27,255,255,255,255,255,-1,NA,255,-1,-1,255,-1,-1,-1,NA,255,-1,-1
OPERA_L3_DIST-ALERT-HLS_T49TEN_20230106T034131Z_20231222T054937Z_S2A_30_v1_VEG-DIST-STATUS,20230106,2023-12-22 05:49:37,255,255,255,255,255,-1,NA,255,-1,-1,255,-1,-1,-1,NA,255,-1,-1
OPERA_L3_DIST-ALERT-HLS_T49TEN_20230108T033119Z_20231222T054948Z_S2B_30_v1_VEG-DIST-STATUS,20230108,2023-12-22 05:49:48,255,255,255,255,255,-1,NA,255,-1,-1,255,-1,-1,-1,NA,255,-1,-1
OPERA_L3_DIST-ALERT-HLS_T49TEN_20230110T032859Z_20231222T054958Z_L8_30_v1_VEG-DIST-STATUS,20230110,2023-12-22 05:49:58,255,255,255,255,255,-1,NA,255,-1,-1,255,-1,-1,-1,NA,255,-1,-1
OPERA_L3_DIST-ALERT-HLS_T49TEN_20230111T032251Z_20231222T055010Z_L9_30_v1_VEG-DIST-STATUS,20230111,2023-12-22 05:50:10,255,255,255,255,255,-1,NA,255,-1,-1,255,-1,-1,-1,NA,255,-1,-1
OPERA_L3_DIST-ALERT-HLS_T49TEN_20230111T034119Z_20231222T055021Z_S2B_30_v1_VEG-DIST-STATUS,20230111,2023-12-22 05:50:21,255,255,255,255,255,-1,NA,255,-1,-1,255,-1,-1,-1,NA,255,-1,-1
OPERA_L3_DIST-ALERT-HLS_T49TEN_20230112T031636Z_20231222T055032Z_L8_30_v1_VEG-DIST-STATUS,20230112,2023-12-22 05:50:32,255,255,255,255,255,-1,NA,255,-1,-1,255,-1,-1,-1,NA,255,-1,-1
OPERA_L3_DIST-ALERT-HLS_T49TEN_20230113T033111Z_20231222T055044Z_S2A_30_v1_VEG-DIST-STATUS,20230113,2023-12-22 05:50:44,255,255,255,255,255,-1,NA,255,-1,-1,255,-1,-1,-1,NA,255,-1,-1
OPERA_L3_DIST-ALERT-HLS_T49TEN_20230116T034101Z_20231222T055055Z_S2A_30_v1_VEG-DIST-STATUS,20230116,2023-12-22 05:50:55,255,255,255,255,255,-1,NA,255,-1,-1,255,-1,-1,-1,NA,255,-1,-1
OPERA_L3_DIST-ALERT-HLS_T49TEN_20230119T032243Z_20231222T055107Z_L8_30_v1_VEG-DIST-STATUS,20230119,2023-12-22 05:51:07,255,255,255,255,255,-1,NA,255,-1,-1,255,-1,-1,-1,NA,255,-1,-1
OPERA_L3_DIST-ALERT-HLS_T49TEN_20230120T031632Z_20231222T055118Z_L9_30_v1_VEG-DIST-STATUS,20230120,2023-12-22 05:51:18,255,255,255,255,255,-1,NA,255,-1,-1,255,-1,-1,-1,NA,255,-1,-1
OPERA_L3_DIST-ALERT-HLS_T49TEN_20230121T034049Z_20231222T055130Z_S2B_30_v1_VEG-DIST-STATUS,20230121,2023-12-22 05:51:30,255,255,255,255,255,-1,NA,255,-1,-1,255,-1,-1,-1,NA,255,-1,-1
OPERA_L3_DIST-ALERT-HLS_T49TEN_20230123T033031Z_20231222T055141Z_S2A_30_v1_VEG-DIST-STATUS,20230123,2023-12-22 05:51:41,255,255,255,255,255,-1,NA,255,-1,-1,255,-1,-1,-1,NA,255,-1,-1
OPERA_L3_DIST-ALERT-HLS_T49TEN_20230126T032858Z_20231222T055153Z_L8_30_v1_VEG-DIST-STATUS,20230126,2023-12-22 05:51:53,255,255,255,255,255,-1,NA,255,-1,-1,255,-1,-1,-1,NA,255,-1,-1
OPERA_L3_DIST-ALERT-HLS_T49TEN_20230126T034021Z_20231222T055204Z_S2A_30_v1_VEG-DIST-STATUS,20230126,2023-12-22 05:52:04,255,255,255,255,255,-1,NA,255,-1,-1,255,-1,-1,-1,NA,255,-1,-1
OPERA_L3_DIST-ALERT-HLS_T49TEN_20230127T032250Z_20231222T055216Z_L9_30_v1_VEG-DIST-STATUS,20230127,2023-12-22 05:52:16,255,255,255,255,255,-1,NA,255,-1,-1,255,-1,-1,-1,NA,255,-1,-1
OPERA_L3_DIST-ALERT-HLS_T49TEN_20230128T033009Z_20231222T055228Z_S2B_30_v1_VEG-DIST-STATUS,20230128,2023-12-22 05:52:28,255,255,255,255,255,-1,NA,255,-1,-1,255,-1,-1,-1,NA,255,-1,-1
OPERA_L3_DIST-ALERT-HLS_T49TEN_20230131T033959Z_20231222T055239Z_S2B_30_v1_VEG-DIST-STATUS,20230131,2023-12-22 05:52:39,255,255,255,255,255,-1,NA,255,-1,-1,255,-1,-1,-1,NA,255,-1,-1
OPERA_L3_DIST-ALERT-HLS_T49TEN_20230202T032951Z_20231222T055251Z_S2A_30_v1_VEG-DIST-STATUS,20230202,2023-12-22 05:52:51,255,255,255,255,255,-1,NA,255,-1,-1,255,-1,-1,-1,NA,255,-1,-1
OPERA_L3_DIST-ALERT-HLS_T49TEN_20230203T032905Z_20231222T055303Z_L9_30_v1_VEG-DIST-STATUS,20230203,2023-12-22 05:53:03,255,255,255,255,255,-1,NA,255,-1,-1,255,-1,-1,-1,NA,255,-1,-1
OPERA_L3_DIST-ALERT-HLS_T49TEN_20230204T032248Z_20231222T055315Z_L8_30_v1_VEG-DIST-STATUS,20230204,2023-12-22 05:53:15,255,255,255,255,255,-1,NA,255,-1,-1,255,-1,-1,-1,NA,255,-1,-1
OPERA_L3_DIST-ALERT-HLS_T49TEN_20230205T031645Z_20231222T055327Z_L9_30_v1_VEG-DIST-STATUS,20230205,2023-12-22 05:53:27,255,255,255,255,255,-1,NA,255,-1,-1,255,-1,-1,-1,NA,255,-1,-1
OPERA_L3_DIST-ALERT-HLS_T49TEN_20230205T033931Z_20231222T055340Z_S2A_30_v1_VEG-DIST-STATUS,20230205,2023-12-22 05:53:40,255,255,255,255,255,-1,NA,255,-1,-1,255,-1,-1,-1,NA,255,-1,-1
OPERA_L3_DIST-ALERT-HLS_T49TEN_20230207T032919Z_20231222T055352Z_S2B_30_v1_VEG-DIST-STATUS,20230207,2023-12-22 05:53:52,255,255,255,255,255,-1,NA,255,-1,-1,255,-1,-1,-1,NA,255,-1,-1
OPERA_L3_DIST-ALERT-HLS_T49TEN_20230210T033859Z_20231222T055405Z_S2B_30_v1_VEG-DIST-STATUS,20230210,2023-12-22 05:54:05,255,255,255,255,255,-1,NA,255,-1,-1,255,-1,-1,-1,NA,255,-1,-1
OPERA_L3_DIST-ALERT-HLS_T49TEN_20230211T032855Z_20231222T055417Z_L8_30_v1_VEG-DIST-STATUS,20230211,2023-12-22 05:54:17,255,255,255,255,255,-1,NA,255,-1,-1,255,-1,-1,-1,NA,255,-1,-1
OPERA_L3_DIST-ALERT-HLS_T49TEN_20230212T032255Z_20231222T055430Z_L9_30_v1_VEG-DIST-STATUS,20230212,2023-12-22 05:54:30,0,1,5,200,0,0,NA,0,0,773,0,3,0,0,NA,0,0,773
OPERA_L3_DIST-ALERT-HLS_T49TEN_20230212T032851Z_20231222T055443Z_S2A_30_v1_VEG-DIST-STATUS,20230212,2023-12-22 05:54:43,0,0,9,200,0,0,NA,0,0,773,0,6,0,0,NA,0,0,773
OPERA_L3_DIST-ALERT-HLS_T49TEN_20230213T031632Z_20231222T055457Z_L8_30_v1_VEG-DIST-STATUS,20230213,2023-12-22 05:54:57,0,255,255,200,0,0,NA,0,0,773,0,-1,0,0,NA,0,0,773
OPERA_L3_DIST-ALERT-HLS_T49TEN_20230215T033831Z_20231222T055511Z_S2A_30_v1_VEG-DIST-STATUS,20230215,2023-12-22 05:55:11,0,255,255,200,0,0,NA,0,0,773,0,-1,0,0,NA,0,0,773
OPERA_L3_DIST-ALERT-HLS_T49TEN_20230217T032819Z_20231222T055525Z_S2B_30_v1_VEG-DIST-STATUS,20230217,2023-12-22 05:55:25,0,1,5,200,0,0,NA,0,0,778,0,4,0,0,NA,0,0,778
OPERA_L3_DIST-ALERT-HLS_T49TEN_20230219T032859Z_20231222T055540Z_L9_30_v1_VEG-DIST-STATUS,20230219,2023-12-22 05:55:40,0,255,255,200,0,0,NA,0,0,778,0,-1,0,0,NA,0,0,778
OPERA_L3_DIST-ALERT-HLS_T49TEN_20230220T033759Z_20231222T055556Z_S2B_30_v1_VEG-DIST-STATUS,20230220,2023-12-22 05:55:56,0,0,9,200,0,0,NA,0,0,781,0,7,0,0,NA,0,0,781
OPERA_L3_DIST-ALERT-HLS_T49TEN_20230221T031635Z_20231222T055612Z_L9_30_v1_VEG-DIST-STATUS,20230221,2023-12-22 05:56:12,0,0,8,200,0,0,NA,0,0,782,0,-1,0,0,NA,0,0,781
OPERA_L3_DIST-ALERT-HLS_T49TEN_20230222T032741Z_20231222T055629Z_S2A_30_v1_VEG-DIST-STATUS,20230222,2023-12-22 05:56:29,0,0,10,200,0,0,NA,0,0,783,0,6,0,0,NA,0,0,783
OPERA_L3_DIST-ALERT-HLS_T49TEN_20230225T033721Z_20231222T055649Z_S2A_30_v1_VEG-DIST-STATUS,20230225,2023-12-22 05:56:49,0,0,12,200,0,0,NA,0,0,786,0,7,0,0,NA,0,0,786
OPERA_L3_DIST-ALERT-HLS_T49TEN_20230227T032709Z_20231222T055709Z_S2B_30_v1_VEG-DIST-STATUS,20230227,2023-12-22 05:57:09,0,255,255,200,0,0,NA,0,0,786,0,-1,0,0,NA,0,0,786
OPERA_L3_DIST-ALERT-HLS_T49TEN_20230227T032840Z_20231222T055729Z_L8_30_v1_VEG-DIST-STATUS,20230227,2023-12-22 05:57:29,0,255,255,200,0,0,NA,0,0,786,0,-1,0,0,NA,0,0,786
OPERA_L3_DIST-ALERT-HLS_T49TEN_20230301T031618Z_20231222T055749Z_L8_30_v1_VEG-DIST-STATUS,20230301,2023-12-22 05:57:49,0,255,255,200,0,0,NA,0,0,786,0,-1,0,0,NA,0,0,786
OPERA_L3_DIST-ALERT-HLS_T49TEN_20230304T032631Z_20231222T055808Z_S2A_30_v1_VEG-DIST-STATUS,20230304,2023-12-22 05:58:08,0,0,8,200,0,0,NA,0,0,793,0,4,0,0,NA,0,0,793
OPERA_L3_DIST-ALERT-HLS_T49TEN_20230307T032847Z_20231222T055827Z_L9_30_v1_VEG-DIST-STATUS,20230307,2023-12-22 05:58:27,0,255,255,200,0,0,NA,0,0,793,0,-1,0,0,NA,0,0,793
OPERA_L3_DIST-ALERT-HLS_T49TEN_20230307T033611Z_20231222T055844Z_S2A_30_v1_VEG-DIST-STATUS,20230307,2023-12-22 05:58:44,0,0,8,200,0,0,NA,0,0,796,0,4,0,0,NA,0,0,796
OPERA_L3_DIST-ALERT-HLS_T49TEN_20230308T032224Z_20231222T055900Z_L8_30_v1_VEG-DIST-STATUS,20230308,2023-12-22 05:59:00,0,0,10,200,0,0,NA,0,0,797,0,3,0,0,NA,0,0,797
OPERA_L3_DIST-ALERT-HLS_T49TEN_20230309T031623Z_20231222T055916Z_L9_30_v1_VEG-DIST-STATUS,20230309,2023-12-22 05:59:16,0,255,255,200,0,0,NA,0,0,797,0,-1,0,0,NA,0,0,797
OPERA_L3_DIST-ALERT-HLS_T49TEN_20230312T033539Z_20231222T055931Z_S2B_30_v1_VEG-DIST-STATUS,20230312,2023-12-22 05:59:31,0,0,8,200,0,0,NA,0,0,801,0,1,0,0,NA,0,0,801
OPERA_L3_DIST-ALERT-HLS_T49TEN_20230314T032511Z_20231222T055944Z_S2A_30_v1_VEG-DIST-STATUS,20230314,2023-12-22 05:59:44,0,255,255,200,0,0,NA,0,0,801,0,-1,0,0,NA,0,0,801
OPERA_L3_DIST-ALERT-HLS_T49TEN_20230315T032834Z_20231222T055957Z_L8_30_v1_VEG-DIST-STATUS,20230315,2023-12-22 05:59:57,0,255,255,200,0,0,NA,0,0,801,0,-1,0,0,NA,0,0,801
OPERA_L3_DIST-ALERT-HLS_T49TEN_20230316T032234Z_20231222T060011Z_L9_30_v1_VEG-DIST-STATUS,20230316,2023-12-22 06:00:11,0,255,255,200,0,0,NA,0,0,801,0,-1,0,0,NA,0,0,801
OPERA_L3_DIST-ALERT-HLS_T49TEN_20230317T031611Z_20231222T060026Z_L8_30_v1_VEG-DIST-STATUS,20230317,2023-12-22 06:00:26,0,255,255,200,0,0,NA,0,0,801,0,-1,0,0,NA,0,0,801
OPERA_L3_DIST-ALERT-HLS_T49TEN_20230317T033531Z_20231222T060040Z_S2A_30_v1_VEG-DIST-STATUS,20230317,2023-12-22 06:00:40,0,255,255,200,0,0,NA,0,0,801,0,-1,0,0,NA,0,0,801
OPERA_L3_DIST-ALERT-HLS_T49TEN_20230319T032519Z_20231222T060055Z_S2B_30_v1_VEG-DIST-STATUS,20230319,2023-12-22 06:00:55,0,255,255,200,0,0,NA,0,0,801,0,-1,0,0,NA,0,0,801
OPERA_L3_DIST-ALERT-HLS_T49TEN_20230322T033539Z_20231222T060111Z_S2B_30_v1_VEG-DIST-STATUS,20230322,2023-12-22 06:01:11,0,255,255,200,0,0,NA,0,0,801,0,-1,0,0,NA,0,0,801
OPERA_L3_DIST-ALERT-HLS_T49TEN_20230323T032841Z_20231222T060125Z_L9_30_v1_VEG-DIST-STATUS,20230323,2023-12-22 06:01:25,0,255,255,200,0,0,NA,0,0,801,0,-1,0,0,NA,0,0,801
OPERA_L3_DIST-ALERT-HLS_T49TEN_20230324T032215Z_20231222T060140Z_L8_30_v1_VEG-DIST-STATUS,20230324,2023-12-22 06:01:40,0,255,255,200,0,0,NA,0,0,801,0,-1,0,0,NA,0,0,801
OPERA_L3_DIST-ALERT-HLS_T49TEN_20230324T032511Z_20231222T060155Z_S2A_30_v1_VEG-DIST-STATUS,20230324,2023-12-22 06:01:55,0,255,255,200,0,0,NA,0,0,801,0,-1,0,0,NA,0,0,801
OPERA_L3_DIST-ALERT-HLS_T49TEN_20230325T031618Z_20231222T060210Z_L9_30_v1_VEG-DIST-STATUS,20230325,2023-12-22 06:02:10,0,255,255,200,0,0,NA,0,0,801,0,-1,0,0,NA,0,0,801
OPERA_L3_DIST-ALERT-HLS_T49TEN_20230327T033531Z_20231222T060223Z_S2A_30_v1_VEG-DIST-STATUS,20230327,2023-12-22 06:02:23,0,0,10,200,0,0,NA,0,0,816,0,2,0,0,NA,0,0,816
OPERA_L3_DIST-ALERT-HLS_T49TEN_20230329T032519Z_20231222T060236Z_S2B_30_v1_VEG-DIST-STATUS,20230329,2023-12-22 06:02:36,0,255,255,200,0,0,NA,0,0,816,0,-1,0,0,NA,0,0,816
OPERA_L3_DIST-ALERT-HLS_T49TEN_20230331T032824Z_20231222T060249Z_L8_30_v1_VEG-DIST-STATUS,20230331,2023-12-22 06:02:49,0,255,255,200,0,0,NA,0,0,816,0,-1,0,0,NA,0,0,816
OPERA_L3_DIST-ALERT-HLS_T49TEN_20230401T032223Z_20231222T060301Z_L9_30_v1_VEG-DIST-STATUS,20230401,2023-12-22 06:03:01,0,0,9,200,0,0,NA,0,0,821,0,1,0,0,NA,0,0,821
OPERA_L3_DIST-ALERT-HLS_T49TEN_20230401T033539Z_20231222T060312Z_S2B_30_v1_VEG-DIST-STATUS,20230401,2023-12-22 06:03:12,0,0,8,200,0,0,NA,0,0,821,0,1,0,0,NA,0,0,821
OPERA_L3_DIST-ALERT-HLS_T49TEN_20230403T032511Z_20231222T060325Z_S2A_30_v1_VEG-DIST-STATUS,20230403,2023-12-22 06:03:25,0,255,255,200,0,0,NA,0,0,821,0,-1,0,0,NA,0,0,821
OPERA_L3_DIST-ALERT-HLS_T49TEN_20230406T033541Z_20231222T060341Z_S2A_30_v1_VEG-DIST-STATUS,20230406,2023-12-22 06:03:41,0,0,7,200,0,0,NA,0,0,826,0,1,0,0,NA,0,0,826
OPERA_L3_DIST-ALERT-HLS_T49TEN_20230408T032519Z_20231222T060355Z_S2B_30_v1_VEG-DIST-STATUS,20230408,2023-12-22 06:03:55,0,0,6,200,0,0,NA,0,0,828,0,1,0,0,NA,0,0,828
OPERA_L3_DIST-ALERT-HLS_T49TEN_20230408T032832Z_20231222T060406Z_L9_30_v1_VEG-DIST-STATUS,20230408,2023-12-22 06:04:06,0,255,255,200,0,0,NA,0,0,828,0,-1,0,0,NA,0,0,828
OPERA_L3_DIST-ALERT-HLS_T49TEN_20230409T032202Z_20231222T060417Z_L8_30_v1_VEG-DIST-STATUS,20230409,2023-12-22 06:04:17,0,255,255,200,0,0,NA,0,0,828,0,-1,0,0,NA,0,0,828
OPERA_L3_DIST-ALERT-HLS_T49TEN_20230410T031609Z_20231222T060428Z_L9_30_v1_VEG-DIST-STATUS,20230410,2023-12-22 06:04:28,0,0,6,200,0,0,NA,0,0,830,0,1,0,0,NA,0,0,830
OPERA_L3_DIST-ALERT-HLS_T49TEN_20230411T033539Z_20231222T060440Z_S2B_30_v1_VEG-DIST-STATUS,20230411,2023-12-22 06:04:40,0,0,6,200,0,0,NA,0,0,831,0,1,0,0,NA,0,0,831
OPERA_L3_DIST-ALERT-HLS_T49TEN_20230413T032511Z_20231222T060451Z_S2A_30_v1_VEG-DIST-STATUS,20230413,2023-12-22 06:04:51,0,0,6,200,0,0,NA,0,0,833,0,1,0,0,NA,0,0,833
OPERA_L3_DIST-ALERT-HLS_T49TEN_20230416T032809Z_20231222T060502Z_L8_30_v1_VEG-DIST-STATUS,20230416,2023-12-22 06:05:02,0,255,255,200,0,0,NA,0,0,833,0,-1,0,0,NA,0,0,833
OPERA_L3_DIST-ALERT-HLS_T49TEN_20230418T031546Z_20231222T060513Z_L8_30_v1_VEG-DIST-STATUS,20230418,2023-12-22 06:05:13,0,0,9,200,0,0,NA,0,0,838,0,1,0,0,NA,0,0,838
OPERA_L3_DIST-ALERT-HLS_T49TEN_20230418T032519Z_20231222T060525Z_S2B_30_v1_VEG-DIST-STATUS,20230418,2023-12-22 06:05:25,0,0,7,200,0,0,NA,0,0,838,0,2,0,0,NA,0,0,838
OPERA_L3_DIST-ALERT-HLS_T49TEN_20230421T033539Z_20231222T060536Z_S2B_30_v1_VEG-DIST-STATUS,20230421,2023-12-22 06:05:36,0,0,6,200,0,0,NA,0,0,841,0,1,0,0,NA,0,0,841
OPERA_L3_DIST-ALERT-HLS_T49TEN_20230423T032511Z_20231222T060548Z_S2A_30_v1_VEG-DIST-STATUS,20230423,2023-12-22 06:05:48,0,0,7,200,0,0,NA,0,0,843,0,1,0,0,NA,0,0,843
OPERA_L3_DIST-ALERT-HLS_T49TEN_20230425T032156Z_20231222T060600Z_L8_30_v1_VEG-DIST-STATUS,20230425,2023-12-22 06:06:00,0,0,9,200,0,0,NA,0,0,845,0,1,0,0,NA,0,0,845
OPERA_L3_DIST-ALERT-HLS_T49TEN_20230426T031603Z_20231222T060611Z_L9_30_v1_VEG-DIST-STATUS,20230426,2023-12-22 06:06:11,0,0,8,200,0,0,NA,0,0,846,0,3,0,0,NA,0,0,846
OPERA_L3_DIST-ALERT-HLS_T49TEN_20230426T033531Z_20231222T060623Z_S2A_30_v1_VEG-DIST-STATUS,20230426,2023-12-22 06:06:23,0,0,8,200,0,0,NA,0,0,846,0,2,0,0,NA,0,0,846
OPERA_L3_DIST-ALERT-HLS_T49TEN_20230428T032519Z_20231222T060634Z_S2B_30_v1_VEG-DIST-STATUS,20230428,2023-12-22 06:06:34,0,255,255,200,0,0,NA,0,0,846,0,-1,0,0,NA,0,0,846
OPERA_L3_DIST-ALERT-HLS_T49TEN_20230502T032804Z_20231222T060646Z_L8_30_v1_VEG-DIST-STATUS,20230502,2023-12-22 06:06:46,0,255,255,200,0,0,NA,0,0,846,0,-1,0,0,NA,0,0,846
OPERA_L3_DIST-ALERT-HLS_T49TEN_20230503T032206Z_20231222T060658Z_L9_30_v1_VEG-DIST-STATUS,20230503,2023-12-22 06:06:58,0,255,255,200,0,0,NA,0,0,846,0,-1,0,0,NA,0,0,846
OPERA_L3_DIST-ALERT-HLS_T49TEN_20230506T033541Z_20231222T060710Z_S2A_30_v1_VEG-DIST-STATUS,20230506,2023-12-22 06:07:10,0,255,255,200,0,0,NA,0,0,846,0,-1,0,0,NA,0,0,846
OPERA_L3_DIST-ALERT-HLS_T49TEN_20230508T032519Z_20231222T060722Z_S2B_30_v1_VEG-DIST-STATUS,20230508,2023-12-22 06:07:22,0,0,7,200,0,0,NA,0,0,858,0,1,0,0,NA,0,0,858
OPERA_L3_DIST-ALERT-HLS_T49TEN_20230510T032815Z_20231222T060733Z_L9_30_v1_VEG-DIST-STATUS,20230510,2023-12-22 06:07:33,0,255,255,200,0,0,NA,0,0,858,0,-1,0,0,NA,0,0,858
OPERA_L3_DIST-ALERT-HLS_T49TEN_20230511T032144Z_20231222T060745Z_L8_30_v1_VEG-DIST-STATUS,20230511,2023-12-22 06:07:45,0,255,255,200,0,0,NA,0,0,858,0,-1,0,0,NA,0,0,858
OPERA_L3_DIST-ALERT-HLS_T49TEN_20230511T033539Z_20231222T060756Z_S2B_30_v1_VEG-DIST-STATUS,20230511,2023-12-22 06:07:56,0,255,255,200,0,0,NA,0,0,858,0,-1,0,0,NA,0,0,858
OPERA_L3_DIST-ALERT-HLS_T49TEN_20230512T031553Z_20231222T060807Z_L9_30_v1_VEG-DIST-STATUS,20230512,2023-12-22 06:08:07,0,0,7,200,0,0,NA,0,0,862,0,1,0,0,NA,0,0,862
OPERA_L3_DIST-ALERT-HLS_T49TEN_20230513T032511Z_20231222T060819Z_S2A_30_v1_VEG-DIST-STATUS,20230513,2023-12-22 06:08:19,0,0,7,200,0,0,NA,0,0,863,0,1,0,0,NA,0,0,863
OPERA_L3_DIST-ALERT-HLS_T49TEN_20230516T033541Z_20231222T060830Z_S2A_30_v1_VEG-DIST-STATUS,20230516,2023-12-22 06:08:30,0,255,255,200,0,0,NA,0,0,863,0,-1,0,0,NA,0,0,863
OPERA_L3_DIST-ALERT-HLS_T49TEN_20230518T032519Z_20231222T060842Z_S2B_30_v1_VEG-DIST-STATUS,20230518,2023-12-22 06:08:42,0,255,255,200,0,0,NA,0,0,863,0,-1,0,0,NA,0,0,863
OPERA_L3_DIST-ALERT-HLS_T49TEN_20230518T032752Z_20231222T060853Z_L8_30_v1_VEG-DIST-STATUS,20230518,2023-12-22 06:08:53,0,255,255,200,0,0,NA,0,0,863,0,-1,0,0,NA,0,0,863
OPERA_L3_DIST-ALERT-HLS_T49TEN_20230521T033539Z_20231222T060907Z_S2B_30_v1_VEG-DIST-STATUS,20230521,2023-12-22 06:09:07,0,0,11,200,0,0,NA,0,0,871,0,5,0,0,NA,0,0,871
OPERA_L3_DIST-ALERT-HLS_T49TEN_20230523T032521Z_20231222T060920Z_S2A_30_v1_VEG-DIST-STATUS,20230523,2023-12-22 06:09:20,0,255,255,200,0,0,NA,0,0,871,0,-1,0,0,NA,0,0,871
OPERA_L3_DIST-ALERT-HLS_T49TEN_20230526T032805Z_20231222T060934Z_L9_30_v1_VEG-DIST-STATUS,20230526,2023-12-22 06:09:34,0,255,255,200,0,0,NA,0,0,871,0,-1,0,0,NA,0,0,871
OPERA_L3_DIST-ALERT-HLS_T49TEN_20230526T033541Z_20231222T060946Z_S2A_30_v1_VEG-DIST-STATUS,20230526,2023-12-22 06:09:46,0,0,11,200,0,0,NA,0,0,876,0,5,0,0,NA,0,0,876
OPERA_L3_DIST-ALERT-HLS_T49TEN_20230527T032144Z_20231222T060958Z_L8_30_v1_VEG-DIST-STATUS,20230527,2023-12-22 06:09:58,0,2,7,200,0,0,NA,0,0,877,0,6,0,0,NA,0,0,877
OPERA_L3_DIST-ALERT-HLS_T49TEN_20230528T031543Z_20231222T061009Z_L9_30_v1_VEG-DIST-STATUS,20230528,2023-12-22 06:10:09,0,0,10,200,0,0,NA,0,0,878,0,5,0,0,NA,0,0,878
OPERA_L3_DIST-ALERT-HLS_T49TEN_20230528T032519Z_20231222T061021Z_S2B_30_v1_VEG-DIST-STATUS,20230528,2023-12-22 06:10:21,0,0,12,200,0,0,NA,0,0,878,0,4,0,0,NA,0,0,878
OPERA_L3_DIST-ALERT-HLS_T49TEN_20230602T032521Z_20231222T061035Z_S2A_30_v1_VEG-DIST-STATUS,20230602,2023-12-22 06:10:35,0,255,255,200,0,0,NA,0,0,878,0,-1,0,0,NA,0,0,878
OPERA_L3_DIST-ALERT-HLS_T49TEN_20230603T032756Z_20231222T061046Z_L8_30_v1_VEG-DIST-STATUS,20230603,2023-12-22 06:10:46,0,255,255,200,0,0,NA,0,0,878,0,-1,0,0,NA,0,0,878
OPERA_L3_DIST-ALERT-HLS_T49TEN_20230604T032153Z_20231222T061058Z_L9_30_v1_VEG-DIST-STATUS,20230604,2023-12-22 06:10:58,0,255,255,200,0,0,NA,0,0,878,0,-1,0,0,NA,0,0,878
OPERA_L3_DIST-ALERT-HLS_T49TEN_20230605T031536Z_20231222T061110Z_L8_30_v1_VEG-DIST-STATUS,20230605,2023-12-22 06:11:10,0,0,12,200,0,0,NA,0,0,886,0,7,0,0,NA,0,0,886
OPERA_L3_DIST-ALERT-HLS_T49TEN_20230605T033541Z_20231222T061122Z_S2A_30_v1_VEG-DIST-STATUS,20230605,2023-12-22 06:11:22,0,255,255,200,0,0,NA,0,0,886,0,-1,0,0,NA,0,0,886
OPERA_L3_DIST-ALERT-HLS_T49TEN_20230607T032519Z_20231222T061134Z_S2B_30_v1_VEG-DIST-STATUS,20230607,2023-12-22 06:11:34,0,255,255,200,0,0,NA,0,0,886,0,-1,0,0,NA,0,0,886
OPERA_L3_DIST-ALERT-HLS_T49TEN_20230610T033539Z_20231222T061146Z_S2B_30_v1_VEG-DIST-STATUS,20230610,2023-12-22 06:11:46,0,0,18,200,0,0,NA,0,0,891,0,4,0,0,NA,0,0,891
OPERA_L3_DIST-ALERT-HLS_T49TEN_20230611T032759Z_20231222T061158Z_L9_30_v1_VEG-DIST-STATUS,20230611,2023-12-22 06:11:58,0,255,255,200,0,0,NA,0,0,891,0,-1,0,0,NA,0,0,891
OPERA_L3_DIST-ALERT-HLS_T49TEN_20230612T032152Z_20231222T061210Z_L8_30_v1_VEG-DIST-STATUS,20230612,2023-12-22 06:12:10,0,255,255,200,0,0,NA,0,0,891,0,-1,0,0,NA,0,0,891
OPERA_L3_DIST-ALERT-HLS_T49TEN_20230612T032521Z_20231222T061221Z_S2A_30_v1_VEG-DIST-STATUS,20230612,2023-12-22 06:12:21,0,0,26,200,0,0,NA,0,0,893,0,3,0,0,NA,0,0,893
OPERA_L3_DIST-ALERT-HLS_T49TEN_20230613T031536Z_20231222T061232Z_L9_30_v1_VEG-DIST-STATUS,20230613,2023-12-22 06:12:32,0,255,255,200,0,0,NA,0,0,893,0,-1,0,0,NA,0,0,893
OPERA_L3_DIST-ALERT-HLS_T49TEN_20230615T033541Z_20231222T061244Z_S2A_30_v1_VEG-DIST-STATUS,20230615,2023-12-22 06:12:44,0,255,255,200,0,0,NA,0,0,893,0,-1,0,0,NA,0,0,893
OPERA_L3_DIST-ALERT-HLS_T49TEN_20230617T032519Z_20231222T061255Z_S2B_30_v1_VEG-DIST-STATUS,20230617,2023-12-22 06:12:55,0,255,255,200,0,0,NA,0,0,893,0,-1,0,0,NA,0,0,893
OPERA_L3_DIST-ALERT-HLS_T49TEN_20230619T032804Z_20231222T061307Z_L8_30_v1_VEG-DIST-STATUS,20230619,2023-12-22 06:13:07,0,255,255,200,0,0,NA,0,0,893,0,-1,0,0,NA,0,0,893
OPERA_L3_DIST-ALERT-HLS_T49TEN_20230620T032145Z_20231222T061319Z_L9_30_v1_VEG-DIST-STATUS,20230620,2023-12-22 06:13:19,1,12,15,27,12,12,20230620,1,1,901,0,3,0,0,NA,0,0,901
OPERA_L3_DIST-ALERT-HLS_T49TEN_20230620T033539Z_20231222T061330Z_S2B_30_v1_VEG-DIST-STATUS,20230620,2023-12-22 06:13:30,1,10,17,27,12,44,20230620,2,1,901,0,3,0,0,NA,0,0,901
OPERA_L3_DIST-ALERT-HLS_T49TEN_20230621T031543Z_20231222T061341Z_L8_30_v1_VEG-DIST-STATUS,20230621,2023-12-22 06:13:41,1,255,255,27,12,44,20230620,2,1,901,0,-1,0,0,NA,0,0,901
OPERA_L3_DIST-ALERT-HLS_T49TEN_20230622T032521Z_20231222T061353Z_S2A_30_v1_VEG-DIST-STATUS,20230622,2023-12-22 06:13:53,1,255,255,27,12,44,20230620,2,1,901,0,-1,0,0,NA,0,0,901
OPERA_L3_DIST-ALERT-HLS_T49TEN_20230625T033541Z_20231222T061404Z_S2A_30_v1_VEG-DIST-STATUS,20230625,2023-12-22 06:14:04,1,255,255,27,12,44,20230620,2,1,901,0,-1,0,0,NA,0,0,901
OPERA_L3_DIST-ALERT-HLS_T49TEN_20230627T032519Z_20231222T061416Z_S2B_30_v1_VEG-DIST-STATUS,20230627,2023-12-22 06:14:16,1,255,255,27,12,44,20230620,2,1,901,0,-1,0,0,NA,0,0,901
OPERA_L3_DIST-ALERT-HLS_T49TEN_20230627T032758Z_20231222T061428Z_L9_30_v1_VEG-DIST-STATUS,20230627,2023-12-22 06:14:28,1,255,255,27,12,44,20230620,2,1,901,0,-1,0,0,NA,0,0,901
OPERA_L3_DIST-ALERT-HLS_T49TEN_20230630T033539Z_20231222T061439Z_S2B_30_v1_VEG-DIST-STATUS,20230630,2023-12-22 06:14:39,2,12,26,27,12,102,20230620,3,11,911,0,2,0,0,NA,0,0,911
OPERA_L3_DIST-ALERT-HLS_T49TEN_20230702T032521Z_20231222T061451Z_S2A_30_v1_VEG-DIST-STATUS,20230702,2023-12-22 06:14:51,2,255,255,27,12,102,20230620,3,11,911,0,-1,0,0,NA,0,0,911
OPERA_L3_DIST-ALERT-HLS_T49TEN_20230705T032815Z_20231222T061503Z_L8_30_v1_VEG-DIST-STATUS,20230705,2023-12-22 06:15:03,2,255,255,27,12,102,20230620,3,11,911,0,-1,0,0,NA,0,0,911
OPERA_L3_DIST-ALERT-HLS_T49TEN_20230705T033541Z_20231222T061515Z_S2A_30_v1_VEG-DIST-STATUS,20230705,2023-12-22 06:15:15,2,255,255,27,12,102,20230620,3,11,911,0,-1,0,0,NA,0,0,911
OPERA_L3_DIST-ALERT-HLS_T49TEN_20230706T032158Z_20231222T061527Z_L9_30_v1_VEG-DIST-STATUS,20230706,2023-12-22 06:15:27,2,255,255,27,12,102,20230620,3,11,911,0,-1,0,0,NA,0,0,911
OPERA_L3_DIST-ALERT-HLS_T49TEN_20230707T032519Z_20231222T061539Z_S2B_30_v1_VEG-DIST-STATUS,20230707,2023-12-22 06:15:39,2,255,255,27,12,102,20230620,3,11,911,0,-1,0,0,NA,0,0,911
OPERA_L3_DIST-ALERT-HLS_T49TEN_20230710T033539Z_20231222T061551Z_S2B_30_v1_VEG-DIST-STATUS,20230710,2023-12-22 06:15:51,2,255,255,27,12,102,20230620,3,11,911,0,-1,0,0,NA,0,0,911
OPERA_L3_DIST-ALERT-HLS_T49TEN_20230712T032521Z_20231222T061603Z_S2A_30_v1_VEG-DIST-STATUS,20230712,2023-12-22 06:16:03,2,255,255,27,12,102,20230620,3,11,911,0,-1,0,0,NA,0,0,911
OPERA_L3_DIST-ALERT-HLS_T49TEN_20230713T032812Z_20231222T061615Z_L9_30_v1_VEG-DIST-STATUS,20230713,2023-12-22 06:16:15,2,255,255,27,12,102,20230620,3,11,911,0,-1,0,0,NA,0,0,911
OPERA_L3_DIST-ALERT-HLS_T49TEN_20230714T032208Z_20231222T061626Z_L8_30_v1_VEG-DIST-STATUS,20230714,2023-12-22 06:16:26,2,0,60,27,12,76,20230620,3,11,925,0,2,0,0,NA,0,0,925
OPERA_L3_DIST-ALERT-HLS_T49TEN_20230715T031551Z_20231222T061638Z_L9_30_v1_VEG-DIST-STATUS,20230715,2023-12-22 06:16:38,0,0,68,200,0,0,NA,0,0,926,0,2,0,0,NA,0,0,926
OPERA_L3_DIST-ALERT-HLS_T49TEN_20230715T033541Z_20231222T061650Z_S2A_30_v1_VEG-DIST-STATUS,20230715,2023-12-22 06:16:50,0,0,70,200,0,0,NA,0,0,926,0,2,0,0,NA,0,0,926
OPERA_L3_DIST-ALERT-HLS_T49TEN_20230717T032519Z_20231222T061702Z_S2B_30_v1_VEG-DIST-STATUS,20230717,2023-12-22 06:17:02,0,255,255,200,0,0,NA,0,0,926,0,-1,0,0,NA,0,0,926
OPERA_L3_DIST-ALERT-HLS_T49TEN_20230720T033539Z_20231222T061713Z_S2B_30_v1_VEG-DIST-STATUS,20230720,2023-12-22 06:17:13,0,255,255,200,0,0,NA,0,0,926,0,-1,0,0,NA,0,0,926
OPERA_L3_DIST-ALERT-HLS_T49TEN_20230721T032818Z_20231222T061725Z_L8_30_v1_VEG-DIST-STATUS,20230721,2023-12-22 06:17:25,0,255,255,200,0,0,NA,0,0,926,0,-1,0,0,NA,0,0,926
OPERA_L3_DIST-ALERT-HLS_T49TEN_20230722T032201Z_20231222T061737Z_L9_30_v1_VEG-DIST-STATUS,20230722,2023-12-22 06:17:37,0,0,81,200,0,0,NA,0,0,933,0,3,0,0,NA,0,0,933
OPERA_L3_DIST-ALERT-HLS_T49TEN_20230722T032521Z_20231222T061749Z_S2A_30_v1_VEG-DIST-STATUS,20230722,2023-12-22 06:17:49,0,0,81,200,0,0,NA,0,0,933,0,1,0,0,NA,0,0,933
OPERA_L3_DIST-ALERT-HLS_T49TEN_20230723T031559Z_20231222T061800Z_L8_30_v1_VEG-DIST-STATUS,20230723,2023-12-22 06:18:00,0,255,255,200,0,0,NA,0,0,933,0,-1,0,0,NA,0,0,933
OPERA_L3_DIST-ALERT-HLS_T49TEN_20230725T033541Z_20231222T061812Z_S2A_30_v1_VEG-DIST-STATUS,20230725,2023-12-22 06:18:12,0,255,255,200,0,0,NA,0,0,933,0,-1,0,0,NA,0,0,933
OPERA_L3_DIST-ALERT-HLS_T49TEN_20230727T032519Z_20231222T061823Z_S2B_30_v1_VEG-DIST-STATUS,20230727,2023-12-22 06:18:23,0,0,81,200,0,0,NA,0,0,938,0,2,0,0,NA,0,0,938
OPERA_L3_DIST-ALERT-HLS_T49TEN_20230729T032815Z_20231222T061835Z_L9_30_v1_VEG-DIST-STATUS,20230729,2023-12-22 06:18:35,0,255,255,200,0,0,NA,0,0,938,0,-1,0,0,NA,0,0,938
OPERA_L3_DIST-ALERT-HLS_T49TEN_20230730T032215Z_20231222T061847Z_L8_30_v1_VEG-DIST-STATUS,20230730,2023-12-22 06:18:47,0,0,77,200,0,0,NA,0,0,941,0,2,0,0,NA,0,0,941
OPERA_L3_DIST-ALERT-HLS_T49TEN_20230730T033539Z_20231222T061858Z_S2B_30_v1_VEG-DIST-STATUS,20230730,2023-12-22 06:18:58,0,0,79,200,0,0,NA,0,0,941,0,1,0,0,NA,0,0,941
OPERA_L3_DIST-ALERT-HLS_T49TEN_20230731T031556Z_20231222T061910Z_L9_30_v1_VEG-DIST-STATUS,20230731,2023-12-22 06:19:10,0,0,73,200,0,0,NA,0,0,942,0,3,0,0,NA,0,0,942
OPERA_L3_DIST-ALERT-HLS_T49TEN_20230801T032521Z_20231222T061921Z_S2A_30_v1_VEG-DIST-STATUS,20230801,2023-12-22 06:19:21,0,0,78,200,0,0,NA,0,0,943,0,1,0,0,NA,0,0,943
OPERA_L3_DIST-ALERT-HLS_T49TEN_20230806T032519Z_20231222T061933Z_S2B_30_v1_VEG-DIST-STATUS,20230806,2023-12-22 06:19:33,0,0,90,200,0,0,NA,0,0,948,0,2,0,0,NA,0,0,948
OPERA_L3_DIST-ALERT-HLS_T49TEN_20230806T032828Z_20231222T061945Z_L8_30_v1_VEG-DIST-STATUS,20230806,2023-12-22 06:19:45,0,255,255,200,0,0,NA,0,0,948,0,-1,0,0,NA,0,0,948
OPERA_L3_DIST-ALERT-HLS_T49TEN_20230807T032211Z_20231222T061957Z_L9_30_v1_VEG-DIST-STATUS,20230807,2023-12-22 06:19:57,0,255,255,200,0,0,NA,0,0,948,0,-1,0,0,NA,0,0,948
OPERA_L3_DIST-ALERT-HLS_T49TEN_20230808T031630Z_20231222T062009Z_L8_30_v1_VEG-DIST-STATUS,20230808,2023-12-22 06:20:09,0,255,255,200,0,0,NA,0,0,948,0,-1,0,0,NA,0,0,948
OPERA_L3_DIST-ALERT-HLS_T49TEN_20230809T033539Z_20231222T062021Z_S2B_30_v1_VEG-DIST-STATUS,20230809,2023-12-22 06:20:21,0,0,84,200,0,0,NA,0,0,951,0,2,0,0,NA,0,0,951
OPERA_L3_DIST-ALERT-HLS_T49TEN_20230811T032521Z_20231222T062032Z_S2A_30_v1_VEG-DIST-STATUS,20230811,2023-12-22 06:20:32,0,255,255,200,0,0,NA,0,0,951,0,-1,0,0,NA,0,0,951
OPERA_L3_DIST-ALERT-HLS_T49TEN_20230814T032823Z_20231222T062044Z_L9_30_v1_VEG-DIST-STATUS,20230814,2023-12-22 06:20:44,0,255,255,200,0,0,NA,0,0,951,0,0,0,0,NA,0,0,956
OPERA_L3_DIST-ALERT-HLS_T49TEN_20230815T032220Z_20231222T062056Z_L8_30_v1_VEG-DIST-STATUS,20230815,2023-12-22 06:20:56,0,0,88,200,0,0,NA,0,0,957,0,3,0,0,NA,0,0,957
OPERA_L3_DIST-ALERT-HLS_T49TEN_20230816T031601Z_20231222T062109Z_L9_30_v1_VEG-DIST-STATUS,20230816,2023-12-22 06:21:09,0,0,85,200,0,0,NA,0,0,958,0,3,0,0,NA,0,0,958
OPERA_L3_DIST-ALERT-HLS_T49TEN_20230816T032519Z_20231222T062121Z_S2B_30_v1_VEG-DIST-STATUS,20230816,2023-12-22 06:21:21,0,0,86,200,0,0,NA,0,0,958,0,3,0,0,NA,0,0,958
OPERA_L3_DIST-ALERT-HLS_T49TEN_20230819T033539Z_20231222T062133Z_S2B_30_v1_VEG-DIST-STATUS,20230819,2023-12-22 06:21:33,0,0,88,200,0,0,NA,0,0,961,0,3,0,0,NA,0,0,961
OPERA_L3_DIST-ALERT-HLS_T49TEN_20230822T032835Z_20231222T062145Z_L8_30_v1_VEG-DIST-STATUS,20230822,2023-12-22 06:21:45,0,255,255,200,0,0,NA,0,0,961,0,-1,0,0,NA,0,0,961
OPERA_L3_DIST-ALERT-HLS_T49TEN_20230823T032216Z_20231222T062158Z_L9_30_v1_VEG-DIST-STATUS,20230823,2023-12-22 06:21:58,0,255,255,200,0,0,NA,0,0,961,0,-1,0,0,NA,0,0,961
OPERA_L3_DIST-ALERT-HLS_T49TEN_20230824T031614Z_20231222T062210Z_L8_30_v1_VEG-DIST-STATUS,20230824,2023-12-22 06:22:10,0,0,84,200,0,0,NA,0,0,966,0,3,0,0,NA,0,0,966
OPERA_L3_DIST-ALERT-HLS_T49TEN_20230824T033541Z_20231222T062224Z_S2A_30_v1_VEG-DIST-STATUS,20230824,2023-12-22 06:22:24,0,0,87,200,0,0,NA,0,0,966,0,3,0,0,NA,0,0,966
OPERA_L3_DIST-ALERT-HLS_T49TEN_20230826T032519Z_20231222T062236Z_S2B_30_v1_VEG-DIST-STATUS,20230826,2023-12-22 06:22:36,0,255,255,200,0,0,NA,0,0,966,0,-1,0,0,NA,0,0,966
OPERA_L3_DIST-ALERT-HLS_T49TEN_20230829T033539Z_20231222T062248Z_S2B_30_v1_VEG-DIST-STATUS,20230829,2023-12-22 06:22:48,0,255,255,200,0,0,NA,0,0,966,0,-1,0,0,NA,0,0,966
OPERA_L3_DIST-ALERT-HLS_T49TEN_20230830T032832Z_20231222T062300Z_L9_30_v1_VEG-DIST-STATUS,20230830,2023-12-22 06:23:00,0,255,255,200,0,0,NA,0,0,966,0,-1,0,0,NA,0,0,966
OPERA_L3_DIST-ALERT-HLS_T49TEN_20230831T032225Z_20231222T062312Z_L8_30_v1_VEG-DIST-STATUS,20230831,2023-12-22 06:23:12,0,0,81,200,0,0,NA,0,0,973,0,3,0,0,NA,0,0,973
OPERA_L3_DIST-ALERT-HLS_T49TEN_20230831T032521Z_20231222T062324Z_S2A_30_v1_VEG-DIST-STATUS,20230831,2023-12-22 06:23:24,0,0,85,200,0,0,NA,0,0,973,0,4,0,0,NA,0,0,973
OPERA_L3_DIST-ALERT-HLS_T49TEN_20230901T031611Z_20231222T062335Z_L9_30_v1_VEG-DIST-STATUS,20230901,2023-12-22 06:23:35,0,0,79,200,0,0,NA,0,0,974,0,3,0,0,NA,0,0,974
OPERA_L3_DIST-ALERT-HLS_T49TEN_20230903T033541Z_20231222T062347Z_S2A_30_v1_VEG-DIST-STATUS,20230903,2023-12-22 06:23:47,0,0,84,200,0,0,NA,0,0,976,0,4,0,0,NA,0,0,976
OPERA_L3_DIST-ALERT-HLS_T49TEN_20230905T032519Z_20231222T062358Z_S2B_30_v1_VEG-DIST-STATUS,20230905,2023-12-22 06:23:58,0,0,77,200,0,0,NA,0,0,978,0,2,0,0,NA,0,0,978
OPERA_L3_DIST-ALERT-HLS_T49TEN_20230907T032834Z_20231222T062410Z_L8_30_v1_VEG-DIST-STATUS,20230907,2023-12-22 06:24:10,0,255,255,200,0,0,NA,0,0,978,0,-1,0,0,NA,0,0,978
OPERA_L3_DIST-ALERT-HLS_T49TEN_20230908T032227Z_20231222T062422Z_L9_30_v1_VEG-DIST-STATUS,20230908,2023-12-22 06:24:22,0,0,79,200,0,0,NA,0,0,981,0,2,0,0,NA,0,0,981
OPERA_L3_DIST-ALERT-HLS_T49TEN_20230908T033539Z_20231222T062434Z_S2B_30_v1_VEG-DIST-STATUS,20230908,2023-12-22 06:24:34,0,0,78,200,0,0,NA,0,0,981,0,2,0,0,NA,0,0,981
OPERA_L3_DIST-ALERT-HLS_T49TEN_20230909T031614Z_20231222T062445Z_L8_30_v1_VEG-DIST-STATUS,20230909,2023-12-22 06:24:45,0,0,75,200,0,0,NA,0,0,982,0,2,0,0,NA,0,0,982
OPERA_L3_DIST-ALERT-HLS_T49TEN_20230910T032521Z_20231222T062457Z_S2A_30_v1_VEG-DIST-STATUS,20230910,2023-12-22 06:24:57,0,255,255,200,0,0,NA,0,0,982,0,-1,0,0,NA,0,0,982
OPERA_L3_DIST-ALERT-HLS_T49TEN_20230913T033541Z_20231222T062508Z_S2A_30_v1_VEG-DIST-STATUS,20230913,2023-12-22 06:25:08,0,0,76,200,0,0,NA,0,0,986,0,2,0,0,NA,0,0,986
OPERA_L3_DIST-ALERT-HLS_T49TEN_20230915T032519Z_20231222T062520Z_S2B_30_v1_VEG-DIST-STATUS,20230915,2023-12-22 06:25:20,0,0,70,200,0,0,NA,0,0,988,0,4,0,0,NA,0,0,988
OPERA_L3_DIST-ALERT-HLS_T49TEN_20230915T032841Z_20231222T062531Z_L9_30_v1_VEG-DIST-STATUS,20230915,2023-12-22 06:25:31,0,255,255,200,0,0,NA,0,0,988,0,-1,0,0,NA,0,0,988
OPERA_L3_DIST-ALERT-HLS_T49TEN_20230916T032229Z_20231222T062543Z_L8_30_v1_VEG-DIST-STATUS,20230916,2023-12-22 06:25:43,0,255,255,200,0,0,NA,0,0,988,0,0,0,0,NA,0,0,989
OPERA_L3_DIST-ALERT-HLS_T49TEN_20230917T031619Z_20231222T062555Z_L9_30_v1_VEG-DIST-STATUS,20230917,2023-12-22 06:25:55,0,255,255,200,0,0,NA,0,0,988,0,-1,0,0,NA,0,0,989
OPERA_L3_DIST-ALERT-HLS_T49TEN_20230918T033539Z_20231222T062606Z_S2B_30_v1_VEG-DIST-STATUS,20230918,2023-12-22 06:26:06,0,255,255,200,0,0,NA,0,0,988,0,-1,0,0,NA,0,0,989
OPERA_L3_DIST-ALERT-HLS_T49TEN_20230920T032521Z_20231222T062619Z_S2A_30_v1_VEG-DIST-STATUS,20230920,2023-12-22 06:26:19,0,0,65,200,0,0,NA,0,0,993,0,2,0,0,NA,0,0,993
OPERA_L3_DIST-ALERT-HLS_T49TEN_20230924T032228Z_20231222T062632Z_L9_30_v1_VEG-DIST-STATUS,20230924,2023-12-22 06:26:32,0,255,255,200,0,0,NA,0,0,993,0,-1,0,0,NA,0,0,993
OPERA_L3_DIST-ALERT-HLS_T49TEN_20230925T031620Z_20231222T062643Z_L8_30_v1_VEG-DIST-STATUS,20230925,2023-12-22 06:26:43,0,255,255,200,0,0,NA,0,0,993,0,-1,0,0,NA,0,0,993
OPERA_L3_DIST-ALERT-HLS_T49TEN_20230925T032519Z_20231222T062655Z_S2B_30_v1_VEG-DIST-STATUS,20230925,2023-12-22 06:26:55,0,255,255,200,0,0,NA,0,0,993,0,-1,0,0,NA,0,0,993
OPERA_L3_DIST-ALERT-HLS_T49TEN_20230930T032521Z_20231222T062707Z_S2A_30_v1_VEG-DIST-STATUS,20230930,2023-12-22 06:27:07,0,0,40,200,0,0,NA,0,0,1003,0,3,0,0,NA,0,0,1003
OPERA_L3_DIST-ALERT-HLS_T49TEN_20231001T032839Z_20231222T062719Z_L9_30_v1_VEG-DIST-STATUS,20231001,2023-12-22 06:27:19,0,255,255,200,0,0,NA,0,0,1003,0,-1,0,0,NA,0,0,1003
OPERA_L3_DIST-ALERT-HLS_T49TEN_20231002T032233Z_20231222T062731Z_L8_30_v1_VEG-DIST-STATUS,20231002,2023-12-22 06:27:31,0,255,255,200,0,0,NA,0,0,1003,0,0,0,0,NA,0,0,1005
OPERA_L3_DIST-ALERT-HLS_T49TEN_20231003T031620Z_20231222T062742Z_L9_30_v1_VEG-DIST-STATUS,20231003,2023-12-22 06:27:42,0,0,32,200,0,0,NA,0,0,1006,0,2,0,0,NA,0,0,1006
OPERA_L3_DIST-ALERT-HLS_T49TEN_20231003T033601Z_20231222T062754Z_S2A_30_v1_VEG-DIST-STATUS,20231003,2023-12-22 06:27:54,0,0,36,200,0,0,NA,0,0,1006,0,3,0,0,NA,0,0,1006
OPERA_L3_DIST-ALERT-HLS_T49TEN_20231005T032609Z_20231222T062805Z_S2B_30_v1_VEG-DIST-STATUS,20231005,2023-12-22 06:28:05,0,0,30,200,0,0,NA,0,0,1008,0,2,0,0,NA,0,0,1008
OPERA_L3_DIST-ALERT-HLS_T49TEN_20231008T033629Z_20231222T062818Z_S2B_30_v1_VEG-DIST-STATUS,20231008,2023-12-22 06:28:18,0,255,255,200,0,0,NA,0,0,1008,0,-1,0,0,NA,0,0,1008
OPERA_L3_DIST-ALERT-HLS_T49TEN_20231009T032845Z_20231222T062831Z_L8_30_v1_VEG-DIST-STATUS,20231009,2023-12-22 06:28:31,0,255,255,200,0,0,NA,0,0,1008,0,-1,0,0,NA,0,0,1008
OPERA_L3_DIST-ALERT-HLS_T49TEN_20231010T032235Z_20231222T062842Z_L9_30_v1_VEG-DIST-STATUS,20231010,2023-12-22 06:28:42,0,0,22,200,0,0,NA,0,0,1013,0,2,0,0,NA,0,0,1013
OPERA_L3_DIST-ALERT-HLS_T49TEN_20231010T032641Z_20231222T062854Z_S2A_30_v1_VEG-DIST-STATUS,20231010,2023-12-22 06:28:54,0,0,21,200,0,0,NA,0,0,1013,0,3,0,0,NA,0,0,1013
OPERA_L3_DIST-ALERT-HLS_T49TEN_20231011T031624Z_20231222T062906Z_L8_30_v1_VEG-DIST-STATUS,20231011,2023-12-22 06:29:06,0,0,20,200,0,0,NA,0,0,1014,0,3,0,0,NA,0,0,1014
OPERA_L3_DIST-ALERT-HLS_T49TEN_20231013T033701Z_20231222T062918Z_S2A_30_v1_VEG-DIST-STATUS,20231013,2023-12-22 06:29:18,0,0,19,200,0,0,NA,0,0,1016,0,3,0,0,NA,0,0,1016
OPERA_L3_DIST-ALERT-HLS_T49TEN_20231015T032719Z_20231222T062929Z_S2B_30_v1_VEG-DIST-STATUS,20231015,2023-12-22 06:29:29,0,0,17,200,0,0,NA,0,0,1018,0,3,0,0,NA,0,0,1018
OPERA_L3_DIST-ALERT-HLS_T49TEN_20231017T032851Z_20231222T062940Z_L9_30_v1_VEG-DIST-STATUS,20231017,2023-12-22 06:29:40,0,255,255,200,0,0,NA,0,0,1018,0,-1,0,0,NA,0,0,1018
OPERA_L3_DIST-ALERT-HLS_T49TEN_20231018T033739Z_20231222T062952Z_S2B_30_v1_VEG-DIST-STATUS,20231018,2023-12-22 06:29:52,0,0,9,200,0,0,NA,0,0,1021,0,3,0,0,NA,0,0,1021
OPERA_L3_DIST-ALERT-HLS_T49TEN_20231019T031630Z_20231222T063005Z_L9_30_v1_VEG-DIST-STATUS,20231019,2023-12-22 06:30:05,0,255,255,200,0,0,NA,0,0,1021,0,-1,0,0,NA,0,0,1021
OPERA_L3_DIST-ALERT-HLS_T49TEN_20231020T032741Z_20231222T063018Z_S2A_30_v1_VEG-DIST-STATUS,20231020,2023-12-22 06:30:18,0,0,16,200,0,0,NA,0,0,1023,0,3,0,0,NA,0,0,1023
OPERA_L3_DIST-ALERT-HLS_T49TEN_20231023T033811Z_20231222T063029Z_S2A_30_v1_VEG-DIST-STATUS,20231023,2023-12-22 06:30:29,0,0,19,200,0,0,NA,0,0,1026,0,3,0,0,NA,0,0,1026
OPERA_L3_DIST-ALERT-HLS_T49TEN_20231025T032819Z_20231222T063041Z_S2B_30_v1_VEG-DIST-STATUS,20231025,2023-12-22 06:30:41,0,0,20,200,0,0,NA,0,0,1028,0,3,0,0,NA,0,0,1028
OPERA_L3_DIST-ALERT-HLS_T49TEN_20231025T032848Z_20231222T063052Z_L8_30_v1_VEG-DIST-STATUS,20231025,2023-12-22 06:30:52,0,255,255,200,0,0,NA,0,0,1028,0,-1,0,0,NA,0,0,1028
OPERA_L3_DIST-ALERT-HLS_T49TEN_20231026T032239Z_20231222T063107Z_L9_30_v1_VEG-DIST-STATUS,20231026,2023-12-22 06:31:07,0,0,19,200,0,0,NA,0,0,1029,0,2,0,0,NA,0,0,1029
OPERA_L3_DIST-ALERT-HLS_T49TEN_20231027T031627Z_20231222T063118Z_L8_30_v1_VEG-DIST-STATUS,20231027,2023-12-22 06:31:18,0,255,255,200,0,0,NA,0,0,1029,0,-1,0,0,NA,0,0,1029
OPERA_L3_DIST-ALERT-HLS_T49TEN_20231028T033839Z_20231222T063130Z_S2B_30_v1_VEG-DIST-STATUS,20231028,2023-12-22 06:31:30,0,255,255,200,0,0,NA,0,0,1029,0,-1,0,0,NA,0,0,1029
OPERA_L3_DIST-ALERT-HLS_T49TEN_20231102T032844Z_20231223T080953Z_L9_30_v1_VEG-DIST-STATUS,20231102,2023-12-23 08:09:53,0,255,255,200,0,0,NA,0,0,1029,0,-1,0,0,NA,0,0,1029
OPERA_L3_DIST-ALERT-HLS_T49TEN_20231103T032238Z_20231223T081029Z_L8_30_v1_VEG-DIST-STATUS,20231103,2023-12-23 08:10:29,0,255,255,200,0,0,NA,0,0,1029,0,-1,0,0,NA,0,0,1029
OPERA_L3_DIST-ALERT-HLS_T49TEN_20231104T031646Z_20231223T081104Z_L9_30_v1_VEG-DIST-STATUS,20231104,2023-12-23 08:11:04,0,255,255,200,0,0,NA,0,0,1029,0,0,0,0,NA,0,0,1038
OPERA_L3_DIST-ALERT-HLS_T49TEN_20231110T032843Z_20231223T081139Z_L8_30_v1_VEG-DIST-STATUS,20231110,2023-12-23 08:11:39,0,255,255,200,0,0,NA,0,0,1029,0,-1,0,0,NA,0,0,1038
OPERA_L3_DIST-ALERT-HLS_T49TEN_20231111T032236Z_20231223T081215Z_L9_30_v1_VEG-DIST-STATUS,20231111,2023-12-23 08:12:15,0,255,255,200,0,0,NA,0,0,1029,0,-1,0,0,NA,0,0,1038
OPERA_L3_DIST-ALERT-HLS_T49TEN_20231112T031624Z_20231223T081249Z_L8_30_v1_VEG-DIST-STATUS,20231112,2023-12-23 08:12:49,0,255,255,200,0,0,NA,0,0,1029,0,-1,0,0,NA,0,0,1038
OPERA_L3_DIST-ALERT-HLS_T49TEN_20231112T034001Z_20231223T081324Z_S2A_30_v1_VEG-DIST-STATUS,20231112,2023-12-23 08:13:24,0,255,255,200,0,0,NA,0,0,1029,0,-1,0,0,NA,0,0,1038
OPERA_L3_DIST-ALERT-HLS_T49TEN_20231114T033009Z_20231223T081400Z_S2B_30_v1_VEG-DIST-STATUS,20231114,2023-12-23 08:14:00,0,255,255,200,0,0,NA,0,0,1029,0,-1,0,0,NA,0,0,1038
OPERA_L3_DIST-ALERT-HLS_T49TEN_20231117T034029Z_20231223T081436Z_S2B_30_v1_VEG-DIST-STATUS,20231117,2023-12-23 08:14:36,0,255,255,200,0,0,NA,0,0,1029,0,-1,0,0,NA,0,0,1038
OPERA_L3_DIST-ALERT-HLS_T49TEN_20231118T032849Z_20231223T081511Z_L9_30_v1_VEG-DIST-STATUS,20231118,2023-12-23 08:15:11,0,255,255,200,0,0,NA,0,0,1029,0,-1,0,0,NA,0,0,1038
OPERA_L3_DIST-ALERT-HLS_T49TEN_20231119T032239Z_20231223T081547Z_L8_30_v1_VEG-DIST-STATUS,20231119,2023-12-23 08:15:47,0,255,255,200,0,0,NA,0,0,1029,0,-1,0,0,NA,0,0,1038
OPERA_L3_DIST-ALERT-HLS_T49TEN_20231119T033031Z_20231223T081623Z_S2A_30_v1_VEG-DIST-STATUS,20231119,2023-12-23 08:16:23,0,255,255,200,0,0,NA,0,0,1029,0,-1,0,0,NA,0,0,1038
OPERA_L3_DIST-ALERT-HLS_T49TEN_20231120T031629Z_20231223T081659Z_L9_30_v1_VEG-DIST-STATUS,20231120,2023-12-23 08:16:59,0,255,255,200,0,0,NA,0,0,1029,0,-1,0,0,NA,0,0,1038
OPERA_L3_DIST-ALERT-HLS_T49TEN_20231124T033049Z_20231223T081735Z_S2B_30_v1_VEG-DIST-STATUS,20231124,2023-12-23 08:17:35,0,255,255,200,0,0,NA,0,0,1029,0,-1,0,0,NA,0,0,1038
OPERA_L3_DIST-ALERT-HLS_T49TEN_20231126T032851Z_20231223T081811Z_L8_30_v1_VEG-DIST-STATUS,20231126,2023-12-23 08:18:11,0,255,255,200,0,0,NA,0,0,1029,0,-1,0,0,NA,0,0,1038
OPERA_L3_DIST-ALERT-HLS_T49TEN_20231127T032244Z_20231223T081848Z_L9_30_v1_VEG-DIST-STATUS,20231127,2023-12-23 08:18:48,0,255,255,200,0,0,NA,0,0,1029,0,-1,0,0,NA,0,0,1038
OPERA_L3_DIST-ALERT-HLS_T49TEN_20231127T034059Z_20231223T081924Z_S2B_30_v1_VEG-DIST-STATUS,20231127,2023-12-23 08:19:24,0,255,255,200,0,0,NA,0,0,1029,0,-1,0,0,NA,0,0,1038
OPERA_L3_DIST-ALERT-HLS_T49TEN_20231128T031629Z_20231223T082000Z_L8_30_v1_VEG-DIST-STATUS,20231128,2023-12-23 08:20:00,0,255,255,200,0,0,NA,0,0,1029,0,-1,0,0,NA,0,0,1038
OPERA_L3_DIST-ALERT-HLS_T49TEN_20231129T033101Z_20231223T082037Z_S2A_30_v1_VEG-DIST-STATUS,20231129,2023-12-23 08:20:37,0,255,255,200,0,0,NA,0,0,1029,0,-1,0,0,NA,0,0,1038
OPERA_L3_DIST-ALERT-HLS_T49TEN_20231202T034111Z_20231223T082121Z_S2A_30_v1_VEG-DIST-STATUS,20231202,2023-12-23 08:21:21,0,255,255,200,0,0,NA,0,0,1029,0,-1,0,0,NA,0,0,1038
OPERA_L3_DIST-ALERT-HLS_T49TEN_20231204T032852Z_20231223T082204Z_L9_30_v1_VEG-DIST-STATUS,20231204,2023-12-23 08:22:04,0,255,255,200,0,0,NA,0,0,1029,0,-1,0,0,NA,0,0,1038
OPERA_L3_DIST-ALERT-HLS_T49TEN_20231204T033119Z_20231223T082245Z_S2B_30_v1_VEG-DIST-STATUS,20231204,2023-12-23 08:22:45,0,255,255,200,0,0,NA,0,0,1029,0,-1,0,0,NA,0,0,1038
OPERA_L3_DIST-ALERT-HLS_T49TEN_20231205T032233Z_20231223T082327Z_L8_30_v1_VEG-DIST-STATUS,20231205,2023-12-23 08:23:27,0,255,255,200,0,0,NA,0,0,1029,0,-1,0,0,NA,0,0,1038
OPERA_L3_DIST-ALERT-HLS_T49TEN_20231206T031629Z_20231223T082410Z_L9_30_v1_VEG-DIST-STATUS,20231206,2023-12-23 08:24:10,0,255,255,200,0,0,NA,0,0,1029,0,-1,0,0,NA,0,0,1038
OPERA_L3_DIST-ALERT-HLS_T49TEN_20231207T034129Z_20231223T082454Z_S2B_30_v1_VEG-DIST-STATUS,20231207,2023-12-23 08:24:54,0,255,255,200,0,0,NA,0,0,1029,0,-1,0,0,NA,0,0,1038
OPERA_L3_DIST-ALERT-HLS_T49TEN_20231209T033131Z_20231223T082539Z_S2A_30_v1_VEG-DIST-STATUS,20231209,2023-12-23 08:25:39,0,255,255,200,0,0,NA,0,0,1029,0,-1,0,0,NA,0,0,1038
OPERA_L3_DIST-ALERT-HLS_T49TEN_20231212T032846Z_20231223T082622Z_L8_30_v1_VEG-DIST-STATUS,20231212,2023-12-23 08:26:22,0,255,255,200,0,0,NA,0,0,1029,0,-1,0,0,NA,0,0,1038
OPERA_L3_DIST-ALERT-HLS_T49TEN_20231212T034141Z_20231223T082705Z_S2A_30_v1_VEG-DIST-STATUS,20231212,2023-12-23 08:27:05,0,255,255,200,0,0,NA,0,0,1029,0,-1,0,0,NA,0,0,1038
OPERA_L3_DIST-ALERT-HLS_T49TEN_20231213T032243Z_20231223T082749Z_L9_30_v1_VEG-DIST-STATUS,20231213,2023-12-23 08:27:49,0,255,255,200,0,0,NA,0,0,1029,0,0,0,0,NA,0,0,1077
OPERA_L3_DIST-ALERT-HLS_T49TEN_20231217T034149Z_20231223T082832Z_S2B_30_v1_VEG-DIST-STATUS,20231217,2023-12-23 08:28:32,0,255,255,200,0,0,NA,0,0,1029,0,-1,0,0,NA,0,0,1077
OPERA_L3_DIST-ALERT-HLS_T49TEN_20231219T033141Z_20231223T082916Z_S2A_30_v1_VEG-DIST-STATUS,20231219,2023-12-23 08:29:16,0,255,255,200,0,0,NA,0,0,1029,0,-1,0,0,NA,0,0,1077
OPERA_L3_DIST-ALERT-HLS_T49TEN_20231220T032856Z_20231223T083000Z_L9_30_v1_VEG-DIST-STATUS,20231220,2023-12-23 08:30:00,0,255,255,200,0,0,NA,0,0,1029,0,0,0,0,NA,0,0,1084
OPERA_L3_DIST-ALERT-HLS_T49TEN_20231221T032239Z_20240103T205446Z_L8_30_v1_VEG-DIST-STATUS,20231221,2024-01-03 20:54:46,0,255,255,200,0,0,NA,0,0,1029,0,-1,0,0,NA,0,0,1084
OPERA_L3_DIST-ALERT-HLS_T49TEN_20231222T031635Z_20240103T205518Z_L9_30_v1_VEG-DIST-STATUS,20231222,2024-01-03 20:55:18,0,255,255,200,0,0,NA,0,0,1029,0,-1,0,0,NA,0,0,1084
OPERA_L3_DIST-ALERT-HLS_T49TEN_20231222T034151Z_20240103T205551Z_S2A_30_v1_VEG-DIST-STATUS,20231222,2024-01-03 20:55:51,0,255,255,200,0,0,NA,0,0,1029,0,-1,0,0,NA,0,0,1084
OPERA_L3_DIST-ALERT-HLS_T49TEN_20231224T033149Z_20240103T205628Z_S2B_30_v1_VEG-DIST-STATUS,20231224,2024-01-03 20:56:28,0,255,255,200,0,0,NA,0,0,1029,0,-1,0,0,NA,0,0,1084
OPERA_L3_DIST-ALERT-HLS_T49TEN_20231227T034149Z_20240103T205702Z_S2B_30_v1_VEG-DIST-STATUS,20231227,2024-01-03 20:57:02,0,255,255,200,0,0,NA,0,0,1029,0,-1,0,0,NA,0,0,1084
OPERA_L3_DIST-ALERT-HLS_T49TEN_20231228T032847Z_20240103T205735Z_L8_30_v1_VEG-DIST-STATUS,20231228,2024-01-03 20:57:35,0,255,255,200,0,0,NA,0,0,1029,0,0,0,0,NA,0,0,1092
OPERA_L3_DIST-ALERT-HLS_T49TEN_20231229T033141Z_20240103T205808Z_S2A_30_v1_VEG-DIST-STATUS,20231229,2024-01-03 20:58:08,0,255,255,200,0,0,NA,0,0,1029,0,0,0,0,NA,0,0,1093
OPERA_L3_DIST-ALERT-HLS_T49TEN_20231230T031648Z_20240104T153251Z_L8_30_v1_VEG-DIST-STATUS,20231230,2024-01-04 15:32:51,0,255,255,200,0,0,NA,0,0,1029,0,0,0,0,NA,0,0,1094
